"","证券代码","申万一级行业","净利润..报告期..1993一季..报表类型..合并报表..单位..元","净利润..报告期..1993中报..报表类型..合并报表..单位..元","净利润..报告期..1993三季..报表类型..合并报表..单位..元","净利润..报告期..1993年报..报表类型..合并报表..单位..元","净利润..报告期..1994一季..报表类型..合并报表..单位..元","净利润..报告期..1994中报..报表类型..合并报表..单位..元","净利润..报告期..1994三季..报表类型..合并报表..单位..元","净利润..报告期..1994年报..报表类型..合并报表..单位..元","净利润..报告期..1995一季..报表类型..合并报表..单位..元","净利润..报告期..1995中报..报表类型..合并报表..单位..元","净利润..报告期..1995三季..报表类型..合并报表..单位..元","净利润..报告期..1995年报..报表类型..合并报表..单位..元","净利润..报告期..1996一季..报表类型..合并报表..单位..元","净利润..报告期..1996中报..报表类型..合并报表..单位..元","净利润..报告期..1996三季..报表类型..合并报表..单位..元","净利润..报告期..1996年报..报表类型..合并报表..单位..元","净利润..报告期..1997一季..报表类型..合并报表..单位..元","净利润..报告期..1997中报..报表类型..合并报表..单位..元","净利润..报告期..1997三季..报表类型..合并报表..单位..元","净利润..报告期..1997年报..报表类型..合并报表..单位..元","净利润..报告期..1998一季..报表类型..合并报表..单位..元","净利润..报告期..1998中报..报表类型..合并报表..单位..元","净利润..报告期..1998三季..报表类型..合并报表..单位..元","净利润..报告期..1998年报..报表类型..合并报表..单位..元","净利润..报告期..1999一季..报表类型..合并报表..单位..元","净利润..报告期..1999中报..报表类型..合并报表..单位..元","净利润..报告期..1999三季..报表类型..合并报表..单位..元","净利润..报告期..1999年报..报表类型..合并报表..单位..元","净利润..报告期..2000一季..报表类型..合并报表..单位..元","净利润..报告期..2000中报..报表类型..合并报表..单位..元","净利润..报告期..2000三季..报表类型..合并报表..单位..元","净利润..报告期..2000年报..报表类型..合并报表..单位..元","净利润..报告期..2001一季..报表类型..合并报表..单位..元","净利润..报告期..2001中报..报表类型..合并报表..单位..元","净利润..报告期..2001三季..报表类型..合并报表..单位..元","净利润..报告期..2001年报..报表类型..合并报表..单位..元","净利润..报告期..2002一季..报表类型..合并报表..单位..元","净利润..报告期..2002中报..报表类型..合并报表..单位..元","净利润..报告期..2002三季..报表类型..合并报表..单位..元","净利润..报告期..2002年报..报表类型..合并报表..单位..元","净利润..报告期..2003一季..报表类型..合并报表..单位..元","净利润..报告期..2003中报..报表类型..合并报表..单位..元","净利润..报告期..2003三季..报表类型..合并报表..单位..元","净利润..报告期..2003年报..报表类型..合并报表..单位..元","净利润..报告期..2004一季..报表类型..合并报表..单位..元","净利润..报告期..2004中报..报表类型..合并报表..单位..元","净利润..报告期..2004三季..报表类型..合并报表..单位..元","净利润..报告期..2004年报..报表类型..合并报表..单位..元","净利润..报告期..2005一季..报表类型..合并报表..单位..元","净利润..报告期..2005中报..报表类型..合并报表..单位..元","净利润..报告期..2005三季..报表类型..合并报表..单位..元","净利润..报告期..2005年报..报表类型..合并报表..单位..元","净利润..报告期..2006一季..报表类型..合并报表..单位..元","净利润..报告期..2006中报..报表类型..合并报表..单位..元","净利润..报告期..2006三季..报表类型..合并报表..单位..元","净利润..报告期..2006年报..报表类型..合并报表..单位..元","净利润..报告期..2007一季..报表类型..合并报表..单位..元","净利润..报告期..2007中报..报表类型..合并报表..单位..元","净利润..报告期..2007三季..报表类型..合并报表..单位..元","净利润..报告期..2007年报..报表类型..合并报表..单位..元","净利润..报告期..2008一季..报表类型..合并报表..单位..元","净利润..报告期..2008中报..报表类型..合并报表..单位..元","净利润..报告期..2008三季..报表类型..合并报表..单位..元","净利润..报告期..2008年报..报表类型..合并报表..单位..元","净利润..报告期..2009一季..报表类型..合并报表..单位..元","净利润..报告期..2009中报..报表类型..合并报表..单位..元","净利润..报告期..2009三季..报表类型..合并报表..单位..元","净利润..报告期..2009年报..报表类型..合并报表..单位..元","净利润..报告期..2010一季..报表类型..合并报表..单位..元","净利润..报告期..2010中报..报表类型..合并报表..单位..元","净利润..报告期..2010三季..报表类型..合并报表..单位..元","净利润..报告期..2010年报..报表类型..合并报表..单位..元","净利润..报告期..2011一季..报表类型..合并报表..单位..元","净利润..报告期..2011中报..报表类型..合并报表..单位..元","净利润..报告期..2011三季..报表类型..合并报表..单位..元","净利润..报告期..2011年报..报表类型..合并报表..单位..元","净利润..报告期..2012一季..报表类型..合并报表..单位..元","净利润..报告期..2012中报..报表类型..合并报表..单位..元","净利润..报告期..2012三季..报表类型..合并报表..单位..元","净利润..报告期..2012年报..报表类型..合并报表..单位..元","净利润..报告期..2013一季..报表类型..合并报表..单位..元","净利润..报告期..2013中报..报表类型..合并报表..单位..元","净利润..报告期..2013三季..报表类型..合并报表..单位..元","净利润..报告期..2013年报..报表类型..合并报表..单位..元","净利润..报告期..2014一季..报表类型..合并报表..单位..元","净利润..报告期..2014中报..报表类型..合并报表..单位..元","净利润..报告期..2014三季..报表类型..合并报表..单位..元","净利润..报告期..2014年报..报表类型..合并报表..单位..元","净利润..报告期..2015一季..报表类型..合并报表..单位..元","净利润..报告期..2015中报..报表类型..合并报表..单位..元","净利润..报告期..2015三季..报表类型..合并报表..单位..元","净利润..报告期..2015年报..报表类型..合并报表..单位..元","净利润..报告期..2016一季..报表类型..合并报表..单位..元","净利润..报告期..2016中报..报表类型..合并报表..单位..元","净利润..报告期..2016三季..报表类型..合并报表..单位..元","净利润..报告期..2016年报..报表类型..合并报表..单位..元","净利润..报告期..2017一季..报表类型..合并报表..单位..元","净利润..报告期..2017中报..报表类型..合并报表..单位..元","净利润..报告期..2017三季..报表类型..合并报表..单位..元","净利润..报告期..2017年报..报表类型..合并报表..单位..元"
"11","000012.SZ","建筑材料","","","","173,278,402.0500","","98,276,073.5900",NA,"195,404,425.9300","","97,099,880.2000","","164,542,125.4800","","83,528,343.0400","","178,478,000.5400","","64,597,461.0400",NA,"125,742,246.3700","","28,359,105.8300","","30,880,319.5200","","15,092,772.2200",NA,"-165,492,718.8100","","81,381,533.6500","","171,535,140.2000","","80,116,098.1900","125,890,591.0000","152,268,602.0000","31,576,210.0000","88,874,842.0000","139,049,756.0000","177,016,177.0000","39,806,950.0000","97,914,927.0000","167,636,621.0000","217,208,388.0000","89,973,182.0000","199,893,508.0000","299,867,927.0000","368,874,172.0000","62,010,595.0000","173,520,227.0000","291,534,686.0000","378,687,775.0000","60,296,912.0000","187,547,666.0000","317,367,196.0000","416,814,140.0000","70,198,792.0000","191,861,841.0000","386,124,026.0000","567,254,967.0000","226,019,311.0000","459,690,780.0000","613,800,070.0000","500,231,812.0000","69,448,714.0000","288,976,362.0000","630,055,992.0000","914,609,491.0000","332,714,626.0000","701,678,616.0000","1,144,782,522.0000","1,596,958,348.0000","450,734,031.0000","918,787,433.0000","1,231,968,418.0000","1,337,516,285.0000","143,684,132.0000","294,008,045.0000","478,856,414.0000","369,806,756.0000","129,692,741.0000","411,830,510.0000","728,650,042.0000","1,675,314,397.0000","133,187,083.0000","617,196,948.0000","780,126,104.0000","939,764,732.0000","89,811,307.0000","220,596,420.0000","408,952,566.0000","639,832,667.0000","204,835,467.0000","465,301,322.0000","718,660,205.0000","804,226,524.0000","176,240,910.0000","400,214,048.0000","721,822,345.0000","828,636,035.0000"
"20","000023.SZ","建筑材料","","17,670,500.0000","","33,328,165.7300","","22,745,722.1900",NA,"45,989,903.9100","","16,318,983.3800","","16,936,102.4300","","-8,578,663.2400","","-488,659.2800","","27,562,640.3300",NA,"34,519,794.6000","","6,019,618.0100","","27,640,067.3800","","6,245,604.2200",NA,"27,637,109.8900","","9,666,960.5500","","19,363,070.2200","","1,642,897.3000","","-179,100,564.5200","-7,164,240.0900","4,288,120.1200","6,030,818.8000","10,522,762.5700","-3,082,484.7900","927,687.3200","2,199,932.6700","9,805,326.2800","-2,470,671.6000","-4,706,491.6900","-6,084,914.7500","15,851,764.3500","-2,905,694.8900","242,435.8200","-4,093,075.9800","-30,637,882.7800","-8,394,076.7100","-5,361,054.2200","7,560,344.4800","28,430,312.2800","17,742,577.8100","12,229,214.4400","3,038,640.2000","14,773,516.7800","-6,586,097.0500","3,143,184.2000","4,322,581.7900","21,613,246.9800","-6,827,012.1500","-1,982,333.3700","8,931,259.6800","24,432,962.4300","-11,359,114.6400","-3,009,464.5100","9,979,733.8500","13,052,755.0200","2,089,166.3800","725,633.4500","21,661.5100","9,100,204.6600","-9,421,998.3900","-10,392,492.2000","-10,736,984.5900","5,131,099.0900","-12,156,393.1100","5,782,046.0300","8,039,718.8300","11,822,530.0000","-5,688,295.2300","-675,925.4000","14,562,517.2000","15,066,368.7400","-3,370,694.7300","10,791,890.7500","28,162,486.3000","26,633,940.5400","61,676.3700","9,624,870.2500","13,276,381.2900","15,828,541.4300","8,988,305.9900","16,968,078.4200","33,596,573.3800","28,688,798.5100"
"76","000401.SZ","建筑材料","","","","170,921,000.0000","","",NA,"161,248,000.0000","","","","150,432,869.5900","","85,665,554.3900","","162,486,611.6900","","71,295,651.0400",NA,"157,027,743.4400","","63,971,508.7000","","142,175,259.9800","","46,983,917.0300",NA,"105,493,788.6400","","47,467,678.0700","","93,151,625.4800","","41,525,195.8800","","117,245,185.2900","-5,773,140.9100","28,279,740.3100","84,140,242.1100","106,654,092.0500","629,953.2700","44,602,808.1000","108,146,527.6900","150,925,529.5200","12,321,064.8400","59,331,321.7200","114,567,166.2500","145,037,282.4500","-11,074,669.5700","50,795,242.9100","97,876,343.3100","136,916,541.8500","-1,093,695.3000","85,027,805.9600","166,667,047.6100","227,321,993.9500","-15,288,882.0500","167,951,484.0900","371,366,035.4600","420,884,577.9700","-20,760,148.5000","178,502,794.4500","399,014,611.6200","521,848,142.8200","-20,059,310.9900","336,723,288.4400","798,478,512.7400","1,064,437,546.7400","27,529,685.2500","598,303,875.9500","1,224,239,312.4000","1,568,499,370.5400","3,588,103.7700","835,109,542.2700","1,522,831,094.5600","1,581,642,876.5400","-291,986,503.0500","86,697,050.7900","212,689,702.8100","137,982,044.8800","-470,660,442.6300","-241,722,887.3000","80,094,906.9600","198,723,998.0200","-537,025,156.3900","-329,371,836.5000","-195,371,624.0600","-277,480,561.1800","-719,317,806.6500","-51,385,904.4600","-902,223,399.8100","-2,150,344,091.4600","-885,635,787.9800","-1,027,938,985.4500","-533,964,061.2700","-23,653,370.9700","-411,917,754.3600","-94,541,189.6400","378,639,685.3700","131,133,753.8500"
"109","000509.SZ","建筑材料","","21,165,081.6000","","46,304,959.9400","","28,614,033.2400",NA,"36,300,280.1900","","11,066,800.0000","","2,521,133.1600","","1,763,000.0000","","9,850,338.5800","","1,757,700.0000",NA,"-47,060,404.5400","","275,726.7900","","73,470,245.3300","","29,588,595.2800",NA,"29,572,903.3300","","24,903,967.5500","","31,317,863.2200","","27,975,338.7100","26,650,368.3000","22,173,200.3200","-3,750,000.0000","-20,994,441.8400","-32,994,254.5700","-256,916,059.3800","-3,400,273.2400","4,454,936.5900","13,216,484.0900","11,506,487.0800","4,296,850.3300","8,873,574.5600","14,252,791.2300","-29,732,643.9600","3,694,247.3700","5,602,844.2200","7,045,689.0100","-166,479,537.6600","-1,769,370.3700","7,116,791.6300","1,860,187.5800","20,609,410.1000","-14,596,590.3500","-34,446,110.4700","-42,141,047.6200","12,136,414.3400","2,743,714.8600","-28,277,439.9800","-108,412,365.5200","-143,507,966.3400","-9,292,048.6400","-9,924,448.5700","-9,721,426.5100","-42,554,792.6800","-12,343,102.4900","-18,344,796.6100","-12,509,197.1700","7,955,782.1200","-25,256,458.3200","-54,361,898.5400","-70,821,138.9400","-120,109,052.9600","1,892,717.1500","6,421,843.9300","735,761.7400","-92,988,221.9400","-7,882,445.1200","-26,044,943.2400","-29,148,430.2300","15,871,135.5200","1,230,758.2800","-27,563,480.9500","10,421,105.9800","-54,955,055.5700","-12,195,617.9700","-22,666,652.6100","-29,099,434.1200","19,848,603.3900","-9,015,545.8300","-25,149,523.3200","-34,449,795.9900","-74,809,936.0400","-4,514,042.5600","-10,853,875.8600","-15,520,787.2000","12,374,263.9900"
"139","000546.SZ","建筑材料","","","","22,421,310.0500","","15,235,606.4900",NA,"30,710,559.6600","","8,613,857.5100","","15,874,141.4900","","170,428.9600","","37,477,788.2100","","4,937,557.3200",NA,"41,631,464.5900","","539,959.3200","","-46,197,977.9000","","-15,640,940.9000",NA,"-167,193,984.4700","","-13,709,434.5900","","-134,082,505.9500","-5,670,000.0000","-8,140,956.0200","-11,695,000.0000","22,585,424.6800","-6,667,733.1100","5,459,187.5200","1,490,086.0600","3,477,234.6100","-12,460,918.0400","-22,532,435.6000","-24,045,149.7100","17,079,925.7500","-9,610,886.0300","-8,726,564.0700","-15,285,542.4400","1,206,070.7200","-12,813,213.7500","-17,171,301.5500","-21,524,329.8400","9,883,973.8300","43,687.5600","10,201,541.0100","15,928,147.2700","22,914,691.8100","-2,877,838.4300","-5,719,532.3700","-9,758,207.2000","19,050,647.8900","-6,503,329.5500","547,811.1500","-2,549,339.1100","-21,035,507.9800","1,251,170.2300","14,945,627.7200","10,265,516.0900","18,987,799.6500","-1,601,547.3000","-2,333,340.7800","-4,062,562.4000","1,822,045.8600","13,939,026.3400","10,609,024.6400","7,941,607.7700","22,219,433.3100","16,313,003.6700","13,514,274.1100","11,341,338.7600","5,408,325.3600","-2,992,788.3900","-5,811,494.2600","21,470,815.2000","20,759,352.1900","-2,224,699.5700","-5,550,805.8400","752,948.3900","244,984,540.1400","-35,177,483.5100","10,989,461.8500","174,924,269.0000","290,250,387.5800","-21,572,650.4400","87,832,201.7700","240,792,484.4100","327,812,001.1400","-41,127,596.3600","82,295,662.3000","284,139,156.9500","401,941,022.3000"
"195","000619.SZ","建筑材料","","","","4,937,000.0000","","",NA,"9,040,000.0000","","","","11,320,000.0000","","","","14,040,024.2200","","3,973,144.1700",NA,"12,325,695.6400","","3,377,560.7400","","10,481,435.5700","","1,850,134.3700",NA,"10,573,139.7100","","52,744,619.1300","","98,144,649.1800","","72,635,463.7000","119,546,978.9500","190,673,977.1100","54,291,438.7600","101,046,475.0100","147,820,255.5700","194,346,566.5300","31,612,190.7800","41,591,553.7100","55,626,136.1400","59,558,200.1700","3,825,170.2000","17,146,058.9200","46,062,919.9400","62,548,998.4200","24,811,335.8100","85,509,124.1600","136,669,457.0100","161,310,474.8000","25,545,225.8200","91,109,983.3700","146,819,926.9300","169,638,377.9900","31,220,484.6800","89,010,827.9700","119,171,364.1500","129,480,893.6000","19,104,781.0300","59,372,324.6500","69,416,615.4400","87,289,126.4800","30,667,901.6300","131,063,826.3300","223,297,427.5100","250,985,841.2300","33,732,066.1600","110,370,038.9600","157,415,978.0000","183,513,370.2400","6,483,845.3700","36,788,107.3800","54,476,375.4700","115,583,163.5100","30,254,333.4400","101,646,612.5600","183,196,865.6200","231,177,057.7100","20,085,824.4300","75,325,711.0900","135,614,799.0200","160,815,588.9300","18,687,149.7200","72,844,488.7900","115,413,653.8100","122,053,081.3300","10,057,605.5600","49,644,289.8500","87,041,423.1200","117,807,832.0200","11,435,668.7900","62,555,201.1800","104,002,984.4000","87,129,773.5300","-8,120,439.3200","3,977,153.8600","9,404,781.9200","14,781,622.5500"
"230","000672.SZ","建筑材料","","","","","","",NA,"4,626,214.5500","","","","6,213,950.0200","","","","8,557,645.5900","","5,021,035.3600",NA,"10,005,803.8700","","2,174,446.0000","","10,025,497.5800","","-5,565,936.5000",NA,"14,182,735.9200","","5,383,834.3100","","11,926,425.3700","","4,907,974.5200","","9,817,277.2400","919,517.9800","3,007,274.6700","5,034,304.5700","-54,662,376.2000","-4,287,268.3400","-3,136,093.9900","-3,608,151.5100","5,999,614.3000","4,224,670.5000","2,996,144.8100","-398,903.5500","-106,430,565.1800","-1,443,321.9100","414,773.3800","252,127.3100","-114,227,540.5900","-3,435,338.3800","345,121.4200","-18,363,837.6500","-56,279,277.8000","-3,744,180.4600","-6,785,151.4100","-4,517,302.9200","30,428,442.3700","330,114.0400","-1,902,963.3300","-4,190,450.7600","5,638,886.7700","-2,286,722.5100","-4,213,230.9700","-6,035,771.8600","3,573,315.3000","-2,968,862.3500","-5,055,898.9500","-7,019,718.5400","4,636,070.7600","-2,333,154.6700","-3,963,540.1700","-5,534,924.3400","3,121,152.0800","-1,972,388.5400","-2,901,772.7000","802,262.3800","913,564.1400","2,544,010.1100","36,285,516.3500","79,717,141.3600","260,663,357.3500","114,118,044.0700","205,131,730.6400","301,379,587.8300","369,438,029.4600","29,194,832.6500","53,109,065.3000","35,302,682.5900","60,073,709.0600","-34,946,955.4000","13,319,770.9600","79,727,750.6500","139,047,846.7400","82,665,544.5600","255,318,485.5300","454,068,524.3300","767,836,046.7900"
"308","000786.SZ","建筑材料","","","","","","",NA,"41,855,474.0000","","","","44,081,141.0000","","","","49,088,518.0000","","38,720,981.6400",NA,"93,477,568.0000","","31,222,818.2100","","81,049,604.8600","","19,115,461.6400",NA,"66,204,801.9500","","26,191,422.7900","","82,011,758.6500","","35,321,955.2700","","92,029,811.6400","10,946,239.7200","40,837,722.6700","58,669,716.9700","89,205,124.6600","10,277,570.7800","19,127,546.1200","40,998,532.3600","65,162,736.2700","9,345,490.7800","23,226,266.0400","48,094,756.2100","82,901,378.4300","14,679,061.2100","50,611,792.2500","120,052,231.8900","162,616,528.5100","25,386,509.2600","77,040,029.2500","140,151,428.1300","203,641,916.4800","30,082,356.6700","104,493,491.1600","168,112,985.8400","254,695,143.1300","107,357,391.5100","124,208,170.8100","159,501,273.9000","291,330,000.9900","32,139,834.1800","163,783,591.6000","291,414,642.0700","463,349,845.9300","44,808,190.2100","223,039,433.1500","381,446,028.0800","610,976,188.1600","55,096,819.3200","277,948,644.3400","474,887,919.5100","751,872,548.9600","68,672,163.2300","323,510,787.3100","606,402,987.0000","935,062,610.5000","106,429,667.3300","440,860,061.9900","797,250,474.2800","1,258,063,632.8600","131,734,496.0600","566,412,865.4100","954,421,750.7100","1,469,126,562.9900","115,384,997.0500","528,470,948.4400","858,367,507.6700","1,215,781,009.5700","138,188,415.5200","610,308,190.2700","1,039,628,785.6400","1,465,397,146.4700","151,562,320.9900","687,218,378.8600","1,575,776,032.1400","2,354,897,830.3600"
"310","000789.SZ","建筑材料","","","","","","",NA,"42,611,309.0200","","","","40,788,375.0000","","","","38,504,276.0500","6,938,718.0000","",NA,"42,521,288.2800","","16,556,922.6400","","48,709,692.6900","","31,645,393.3900",NA,"41,452,573.0100","","23,680,077.4300","","42,232,157.3200","","12,377,256.2500","","30,057,778.6400","3,410,453.1400","9,785,170.2800","12,991,261.4100","15,393,491.4400","3,231,924.9100","6,488,357.5800","14,046,624.2500","42,657,368.1600","12,853,214.3900","14,384,301.6000","7,873,578.3100","-48,647,075.0100","-31,221,182.5700","-68,597,593.6300","-95,852,692.2900","-138,148,774.4000","1,500,661.2000","2,133,552.0100","3,613,023.1300","8,143,493.8100","2,220,282.8200","6,304,457.1200","13,450,356.8900","32,699,156.4100","26,263,735.5400","50,664,777.5600","57,456,805.4400","94,110,567.5800","6,690,692.1200","19,484,573.9000","48,760,512.0300","136,076,099.7400","16,039,266.3100","-30,176,323.5800","2,520,007.9500","290,421,648.7300","148,308,897.8300","461,693,423.6500","659,055,277.4200","783,064,807.2500","65,123,404.9500","77,284,404.2900","106,677,926.0300","281,007,025.7800","59,205,372.5300","213,924,726.4800","387,506,270.5600","697,989,310.1300","159,599,703.5600","397,015,944.9200","599,387,011.9700","876,013,377.0900","84,256,617.3200","120,682,450.6800","176,942,395.5700","342,916,784.7500","4,249,942.4400","102,967,862.0600","272,478,482.1400","386,602,484.3000","38,891,182.3300","204,085,467.6300","469,391,648.8800","842,021,342.9800"
"366","000877.SZ","建筑材料","","","","","","",NA,"","","","","19,103,874.8300","","","","21,677,976.0100","","",NA,"20,400,511.6300","","","","41,198,468.7400","","17,206,348.4900",NA,"47,782,280.2300","","25,956,843.2600","","70,455,705.7900","","49,959,428.4900","","92,417,371.8500","-14,638,799.4800","48,513,765.1800","125,732,469.8600","101,192,227.9600","-32,122,382.0400","44,630,927.5000","146,768,224.9700","102,025,940.1000","-34,667,087.3500","-202,112,532.3300","-115,770,823.4200","-235,810,990.8700","-75,780,367.2500","-32,148,512.6600","25,481,438.7300","15,286,575.6900","-51,107,741.4000","29,817,711.4000","88,677,746.4600","96,721,427.5300","-40,514,394.9600","29,536,819.1600","140,011,690.6300","173,088,648.7800","-43,239,740.7300","86,800,021.8700","283,301,250.5900","306,255,714.5100","-47,181,068.4200","173,616,325.7900","396,341,654.7800","436,763,562.0800","-63,628,149.2600","189,928,284.8100","615,962,749.8800","675,372,216.4700","-17,653,789.4500","463,542,868.7000","1,189,933,202.9800","1,404,025,829.5300","-169,541,589.3200","163,857,266.9900","462,714,927.4000","481,938,456.9300","-232,261,426.8200","93,574,429.3400","377,991,612.1400","381,603,702.9500","-188,391,441.1100","-22,328,043.9300","325,838,376.0900","254,795,598.4500","-291,841,940.7900","-323,255,394.5300","-420,071,078.2300","-669,742,711.1000","-232,746,039.6700","-139,482,266.9700","-27,877,940.8700","18,994,904.1800","-159,875,007.0100","14,457,902.1300","346,334,393.3500","281,538,814.4700"
"372","000885.SZ","建筑材料","","","","","","",NA,"","","","","37,260,651.1700","","","","39,554,005.4500","","",NA,"43,044,343.8500","","","","42,000,612.5000","","14,946,216.8100",NA,"24,080,655.4100","","-8,812,347.4800","","-35,931,328.8900","","-22,933,943.3700","","-227,805,988.3300","-11,608,318.3100","-24,110,244.3000","-50,334,849.5000","-79,005,702.4100","-5,804,225.3900","24,609,806.8600","42,500,881.1900","24,907,556.5800","-7,353,111.8700","-26,460,351.9900","-39,321,852.7900","-83,311,708.8500","-6,975,575.8900","-27,768,059.6500","-35,002,760.0800","-60,314,079.6300","-7,513,673.5300","9,638,855.0500","21,904,070.5600","45,942,874.3700","12,644,577.8000","25,234,117.8900","41,142,438.5000","61,006,453.8700","14,664,553.6700","28,482,946.8000","43,997,957.6900","71,395,309.9000","12,310,109.4200","28,723,403.0500","118,013,025.8000","153,343,684.9200","19,883,023.2200","57,015,385.9100","66,929,689.8300","180,988,662.2200","43,913,802.4200","124,220,541.7200","203,907,770.9500","332,604,910.0300","38,387,872.6400","140,540,888.6700","203,774,938.8200","251,866,934.7000","10,847,366.6300","57,403,942.9400","87,061,611.0900","141,976,883.8000","11,121,698.7200","98,006,080.9300","157,170,242.1600","243,610,612.7900","7,202,465.9500","94,537,692.5700","118,154,681.7300","83,693,709.3800","-46,803,456.9800","15,770,924.2500","21,738,878.3800","74,642,309.7400","5,820,347.0700","166,017,451.5300","655,930,039.9600","663,658,759.5700"
"413","000935.SZ","建筑材料","","","","","","",NA,"","","","","","","","","28,146,787.7400","","",NA,"29,867,933.7900","","","","32,672,845.5800","","17,460,743.0200",NA,"42,529,191.2200","","24,029,941.2400","","61,004,801.4600","","41,021,937.9400","","53,693,193.1200","5,384,442.5600","16,321,247.6000","20,451,075.8500","34,747,377.8600","2,761,631.6400","9,338,103.0700","7,592,936.0700","506,186.7200","-8,208,472.0000","-17,942,756.5000","-21,232,590.3400","-87,642,004.6800","5,110,063.4300","5,692,176.7800","6,889,776.0600","15,572,208.8300","-3,364,073.0100","-7,048,324.8400","-12,329,442.4700","-104,440,372.7000","-14,765,803.8500","-61,910,633.7300","-82,058,835.0300","-314,776,478.8600","9,369,503.4200","46,437,154.7800","62,267,061.1200","61,929,501.0400","11,418,663.0900","52,415,996.9700","204,849,836.1400","220,526,285.7800","30,048,005.2700","42,535,123.5300","60,013,815.6700","46,755,433.7000","24,678,487.8200","173,025,824.1300","240,590,546.7500","330,765,138.2700","-45,392,239.2700","6,480,516.7300","30,221,715.0500","72,238,391.5500","-2,466,384.9400","56,703,971.0400","86,895,887.3900","197,303,338.3300","22,152,736.9700","93,908,045.8600","128,377,272.2200","165,826,134.8300","-13,781,269.3000","-57,572,048.6800","-81,294,709.7200","-105,654,838.0900","-16,609,955.4500","26,954,046.0900","65,139,247.4600","108,288,792.8100","-1,198,027.9300","67,227,330.8700","125,478,400.4100","246,934,723.7400"
"507","002043.SZ","建筑材料","","","","","","",NA,"","","","","","","","","","","",NA,"","","","","","","",NA,"","","","","","","","","","","","","24,491,796.9100","","","","28,347,367.4800","","13,253,231.2800","17,337,015.1100","30,418,568.4000","3,113,940.2700","16,704,300.2200","23,155,419.1000","33,988,992.7100","3,945,565.5700","17,888,797.9100","26,861,645.9200","34,999,230.6400","3,917,913.3100","19,465,171.7600","28,396,197.9200","38,180,441.9500","4,341,461.4700","20,599,587.1300","31,077,051.6900","29,170,578.2800","-7,592,862.6400","5,230,269.2000","15,338,427.2400","20,417,097.7600","2,865,622.7500","13,450,576.0300","23,912,870.0000","34,981,383.1900","7,935,911.4400","22,761,568.8500","34,342,415.7900","31,278,662.1700","-1,717,490.7100","11,444,163.1400","24,607,781.2100","33,823,425.7600","-82,102.8700","6,584,300.2000","17,354,084.0900","24,139,562.1600","-1,580,425.5600","14,134,595.3700","31,222,449.5000","43,461,630.0000","4,806,801.5600","25,708,685.7800","56,960,302.4800","97,153,856.7000","21,328,196.6000","97,599,905.8900","177,096,106.6300","258,065,341.9100","47,636,223.1000","157,081,031.8100","258,640,604.9500","364,216,802.3200"
"530","002066.SZ","建筑材料","","","","","","",NA,"","","","","","","","","","","",NA,"","","","","","","",NA,"","","","","","","","","","","","","","","","","11,166,240.8700","","","","14,463,563.9500","","6,505,521.3800","11,173,770.1400","14,797,031.1300","1,467,491.5700","7,968,674.7400","12,728,454.0800","18,080,637.2200","1,938,586.0300","8,447,975.0100","17,788,958.3200","25,095,055.8300","4,082,022.4100","15,883,814.5400","32,499,686.1600","41,336,907.2400","9,309,938.3100","18,960,978.3600","36,458,409.6800","46,703,652.1200","10,652,429.7700","26,278,706.9100","42,647,926.5900","64,029,463.5200","17,793,382.2800","42,420,463.1700","67,747,145.7100","83,414,791.1800","13,868,343.7900","14,833,200.0900","17,269,212.3600","17,040,463.2800","11,222,373.5600","-5,046,141.1300","-24,654,326.7900","-103,400,685.0900","12,838,317.7200","23,745,943.3700","34,106,083.9600","48,052,951.3200","12,870,515.4900","22,684,624.6800","11,028,329.1300","-55,834,168.2000","8,456,091.0900","10,235,510.7600","32,827,712.1300","18,765,420.5800","14,052,256.4000","23,319,853.8800","34,706,985.6500","43,095,209.6600"
"546","002082.SZ","建筑材料","","","","","","",NA,"","","","","","","","","","","",NA,"","","","","","","",NA,"","","","","","","","","","","","","","","","","20,234,965.0900","","","","25,854,022.0500","","","13,852,931.3000","20,561,695.4700","1,817,603.6500","14,012,943.4600","26,184,590.9300","37,018,423.9600","7,202,577.2600","28,335,635.9500","44,297,520.8500","65,023,241.5600","10,502,399.2900","36,591,896.7600","61,744,436.3500","75,543,866.7800","9,954,647.7600","42,144,234.0100","77,081,073.6500","123,079,245.3400","24,434,889.0000","65,899,069.6800","109,427,460.8900","155,475,876.6800","31,122,729.5300","88,584,741.8100","130,243,543.7500","162,460,646.7200","17,742,893.2100","45,922,276.9000","63,543,807.9000","90,943,048.1800","15,361,763.4500","53,389,437.0800","77,067,664.3200","117,256,803.5600","21,027,889.9900","57,025,603.2900","81,325,131.6300","113,349,482.8200","11,192,825.1200","50,789,994.0600","75,069,484.5100","68,433,410.3100","10,142,291.1300","40,353,359.6400","59,365,339.2600","73,384,933.3800","8,006,066.2500","31,026,059.8900","62,370,576.5800","100,409,891.0300"
"552","002088.SZ","建筑材料","","","","","","",NA,"","","","","","","","","","","",NA,"","","","","","","",NA,"","","","","","","","","","","","","","","","","25,376,092.6700","","","","46,128,591.1600","","","32,224,597.2900","63,233,949.0100","13,997,134.8700","23,842,316.2400","40,809,375.6700","81,328,796.7900","18,403,521.2200","53,259,638.6300","78,519,162.6500","132,841,848.9100","25,412,240.6100","66,708,975.3300","100,372,013.1900","147,434,288.2800","23,840,954.7000","60,697,750.4200","84,751,076.0800","116,942,611.7300","26,120,695.3300","57,561,268.7600","91,065,597.7300","122,775,812.9100","23,377,855.7600","57,739,269.2100","83,154,228.4900","108,169,814.1900","12,089,649.9500","32,740,362.2900","56,619,993.9500","84,635,607.1800","11,888,507.5000","30,746,108.1700","55,656,822.0100","86,469,200.6700","12,531,239.1700","28,461,549.6800","51,360,881.3300","78,485,426.9500","6,794,389.8400","13,270,673.6700","33,942,830.0300","57,545,660.1800","7,374,385.8100","25,732,307.6500","63,927,621.9300","104,668,234.7200","17,017,625.6300","62,667,179.0500","139,137,255.2800","213,751,286.0000"
"626","002162.SZ","建筑材料","","","","","","",NA,"","","","","","","","","","","",NA,"","","","","","","",NA,"","","","","","","","","","","","","","","","","","","","","72,447,083.1000","","","","67,427,362.9300","","24,891,398.4200","47,739,112.9300","70,580,696.7600","704,622.9900","26,632,453.0200","38,740,531.1900","60,043,530.3300","1,896,067.0100","21,126,325.0000","32,689,233.9200","33,705,053.1500","-3,777,707.8000","480,556.3100","10,414,491.5100","24,958,850.1400","-12,840,355.4500","6,541,103.4900","17,240,165.4500","33,518,377.4800","-40,883,444.5500","-65,299,361.8900","-97,129,264.8800","-181,608,098.6800","-53,126,901.3700","-95,816,112.9700","-131,531,409.1700","-207,200,286.6500","-14,248,868.1400","8,182,582.2700","19,552,813.1800","21,465,177.4600","-20,584,287.9800","6,187,689.7700","9,684,674.3500","14,218,536.1800","-21,514,292.9000","-11,587,061.8100","-9,724,396.6800","14,296,042.3600","-15,375,273.7000","-3,876,322.2400","1,424,325.8200","15,799,856.6900","-11,182,609.6900","11,666,785.0000","20,286,760.2700","17,865,477.8500"
"627","002163.SZ","建筑材料","","","","","","",NA,"","","","","","","","","","","",NA,"","","","","","","",NA,"","","","","","","","","","","","","","","","","","","","","34,085,269.3800","","","","35,184,578.2200","","9,026,951.1500","14,446,208.4800","40,422,500.6200","1,954,313.9900","17,049,558.1200","24,969,739.2200","47,750,177.3800","2,653,547.6800","20,995,790.2700","27,974,790.7200","44,238,318.8900","5,034,778.8400","24,435,723.4300","31,901,542.1300","38,521,709.9600","4,056,721.5300","24,890,353.4200","39,393,698.7100","83,232,491.3700","21,068,351.0200","45,883,006.4400","58,932,525.9400","73,087,911.7200","-28,388,769.6400","-52,602,842.2700","-75,446,120.4300","-153,670,442.8400","-53,710,176.4300","-136,087,963.8000","-283,200,100.1600","-535,623,880.2900","-45,759,180.8500","-156,182,251.6200","-182,850,505.2800","-131,537,754.9200","-91,978,709.1100","-183,974,647.7900","-304,999,338.4400","-556,433,155.3900","-23,438,798.4300","-40,165,086.3300","-47,813,456.9000","-81,416,241.5500","-36,755,210.3900","-80,104,348.7500","-104,751,842.7300","-80,525,623.8500"
"669","002205.SZ","建筑材料","","","","","","",NA,"","","","","","","","","","","",NA,"","","","","","","",NA,"","","","","","","","","","","","","","","","","","","","","15,124,542.1300","","","","16,654,533.2900","","","10,303,380.3100","11,787,529.6500","-4,548,231.9400","10,511,927.4200","27,356,911.5200","33,334,480.6200","-5,833,983.0400","13,210,391.5900","28,924,807.8800","55,019,616.3400","-4,040,697.4500","13,916,988.6700","31,039,254.9700","53,859,337.9900","10,787,265.8800","27,835,051.8700","43,523,912.4200","66,239,086.0400","-15,737,227.6100","4,631,632.4500","20,519,515.3500","32,050,385.8900","-14,878,087.8500","-11,874,214.8900","5,632,758.4500","13,085,510.6300","-12,303,267.9800","1,659,597.6800","20,156,328.5400","56,903,799.1900","-5,725,874.0200","22,390,361.6300","32,141,854.6800","60,159,037.0800","-10,113,462.1200","930,554.8200","-14,706,668.1200","-60,868,871.4300","-15,094,525.3100","-21,491,842.2200","-27,575,711.7400","4,442,982.5200","-13,132,642.8300","-6,987,312.0300","481,650.8300","17,630,633.3600"
"689","002225.SZ","建筑材料","","","","","","",NA,"","","","","","","","","","","",NA,"","","","","","","",NA,"","","","","","","","","","","","","","","","","","","","","27,968,444.2400","","","","47,704,668.1100","","","","61,284,861.9100","11,690,634.6800","41,387,899.4200","54,327,673.2200","85,460,990.1700","25,818,426.4600","54,782,150.3800","80,840,468.3800","105,749,473.3900","27,302,480.2200","57,449,982.9900","92,547,528.1700","130,903,977.2800","34,941,766.6300","69,398,947.0300","106,683,826.8900","154,159,981.0400","38,363,216.9200","71,746,315.8100","88,540,249.1900","126,826,102.8000","24,824,656.8600","53,353,906.2400","72,127,829.2500","102,962,611.0600","32,910,545.4600","63,948,927.7600","90,666,679.6400","128,977,808.8500","43,160,979.8200","89,914,001.2300","123,278,965.6100","165,134,809.3000","48,045,353.6300","100,228,615.6900","129,061,498.1500","88,804,023.8900","29,940,774.3900","54,019,999.9500","70,076,772.9300","-176,442,733.8300","35,531,393.2200","60,042,538.0000","48,559,398.7500","31,290,578.9600"
"697","002233.SZ","建筑材料","","","","","","",NA,"","","","","","","","","","","",NA,"","","","","","","",NA,"","","","","","","","","","","","","","","","","","","","","","","","","87,192,187.6600","","","","107,422,423.6300","16,983,502.0500","78,851,986.8500","124,625,995.1800","167,092,401.7800","65,040,150.3700","114,809,889.5100","156,850,597.6300","212,609,646.4500","36,614,039.3600","92,111,571.9500","138,004,273.4000","222,183,475.9900","47,630,315.1100","113,935,211.1800","186,436,911.4400","310,975,266.1600","113,304,477.1100","290,488,364.2500","448,403,682.5900","608,652,312.5900","59,207,961.2600","106,090,931.3000","122,832,402.3900","200,802,006.2400","48,639,227.1100","96,128,527.3600","182,337,025.0700","397,370,919.5700","159,123,273.4400","355,618,632.4900","493,254,403.6300","607,580,437.5100","103,685,691.0100","185,396,423.5700","208,493,693.2600","380,465,668.9900","25,903,564.8700","110,276,098.6300","227,440,056.9600","454,673,437.9900","135,951,864.4000","310,954,624.4500","505,199,098.9100","721,703,466.3300"
"734","002271.SZ","建筑材料","","","","","","",NA,"","","","","","","","","","","",NA,"","","","","","","",NA,"","","","","","","","","","","","","","","","","","","","","","","","","17,498,830.3300","","","","28,902,935.2400","","","21,467,712.7800","37,307,953.3600","1,551,360.4000","17,595,458.1600","30,676,298.7400","45,297,883.0800","2,056,033.2900","26,838,089.3100","49,058,066.7200","74,030,839.3800","1,275,330.5700","36,346,556.3900","74,507,442.2300","107,129,882.0400","947,516.6000","45,807,733.7500","71,413,338.5500","104,159,073.5800","-7,840,725.9100","57,815,281.2100","119,481,438.2000","191,296,137.7400","3,526,484.0000","99,028,622.6800","236,380,289.9800","370,170,837.8700","56,860,632.0300","227,492,041.5300","433,679,781.7200","582,572,942.0900","45,162,083.9400","287,582,770.5700","463,739,506.8800","728,814,633.8900","55,108,400.0800","362,605,857.7100","719,347,322.0800","1,026,322,705.4300","77,569,337.3700","491,592,620.2000","887,825,203.1400","1,242,134,670.4500"
"765","002302.SZ","建筑材料","","","","","","",NA,"","","","","","","","","","","",NA,"","","","","","","",NA,"","","","","","","","","","","","","","","","","","","","","","","","","","","","","58,552,194.3400","","","","67,774,153.6100","","","66,456,379.1200","71,714,712.9700","-17,462,959.8200","29,456,510.8300","82,594,294.9100","87,786,913.6500","-24,098,943.1200","25,353,431.4300","94,957,655.0000","116,968,710.8700","-33,511,976.0400","31,173,600.3100","97,484,731.7600","123,166,966.9000","-54,441,153.1700","26,536,958.9000","88,804,334.8400","133,979,587.4800","-65,013,244.6100","117,577,610.6100","277,967,670.7800","451,297,495.8500","-136,573,083.2400","23,629,092.4000","192,243,493.8800","365,528,611.6700","-98,398,412.0300","54,528,185.5900","242,445,122.2500","366,680,451.0900","-45,843,897.0300","74,269,095.1700","182,356,540.6900","320,988,398.1700","-137,492,433.3600","-10,519,222.2800","122,754,296.7600","142,428,160.4400"
"786","002323.SZ","建筑材料","","","","","","",NA,"","","","","","","","","","","",NA,"","","","","","","",NA,"","","","","","","","","","","","","","","","","","","","","","","","","","","","","51,613,194.7400","","","","53,739,575.8300","","","43,611,670.4000","58,186,498.0500","17,320,333.9100","32,286,086.1900","46,834,436.1100","65,445,211.6100","14,150,502.1100","27,583,205.5500","36,306,860.7300","53,567,988.9800","13,627,571.5600","25,230,009.9900","38,180,938.1600","52,293,314.9400","11,354,821.0400","22,819,623.4600","28,996,160.7900","41,624,228.3200","8,611,718.0300","22,836,126.2700","29,561,904.6000","29,445,766.4100","4,270,267.7400","9,615,311.0400","13,529,187.9500","12,552,015.0700","4,101,540.3500","5,185,639.3500","163,607,968.1800","69,326,057.5200","11,389,781.1900","47,952,529.2300","105,126,764.1500","238,874,875.5800","13,115,941.4500","116,576,685.3300","180,431,488.9900","264,298,937.1900"
"796","002333.SZ","建筑材料","","","","","","",NA,"","","","","","","","","","","",NA,"","","","","","","",NA,"","","","","","","","","","","","","","","","","","","","","","","","","","","","","35,811,283.8400","","","","52,704,950.7700","","","39,776,971.3100","55,114,719.7000","18,083,474.5100","52,605,677.7700","84,814,987.5900","99,658,376.6600","7,733,177.0100","30,453,156.0100","50,049,434.9900","66,226,348.1400","14,715,719.9300","41,842,891.5900","67,763,576.8600","86,994,657.2600","15,933,823.8700","38,456,366.7600","63,591,215.2100","84,426,880.9400","13,958,078.3600","44,922,025.0100","69,091,284.7500","86,661,040.1500","8,627,572.2200","32,252,389.7200","45,857,944.0600","53,705,808.2600","-15,792,429.8700","97,754,663.8700","91,092,976.0500","206,127,151.8500","-4,478,146.0700","145,349,521.0200","137,401,670.5100","140,822,034.7700","-10,794,235.8600","-5,272,988.1300","-12,102,182.4900","-40,518,271.9500"
"809","002346.SZ","建筑材料","","","","","","",NA,"","","","","","","","","","","",NA,"","","","","","","",NA,"","","","","","","","","","","","","","","","","","","","","","","","","","","","","26,702,285.0200","","","","50,570,422.3000","","","40,722,524.7700","47,414,560.3300","12,296,213.0200","30,514,363.3600","37,390,284.5700","50,858,691.9800","4,250,494.9700","14,708,424.6100","17,476,736.9900","39,128,124.3900","7,144,751.1800","24,854,934.9300","31,279,135.1300","60,589,290.0300","2,750,775.7600","10,169,758.2300","18,435,071.9800","20,920,631.2600","-6,912,394.5600","-2,716,117.5700","-7,944,903.1900","3,968,846.9100","-1,810,742.6300","-585,786.9100","3,028,860.8200","84,415,105.9900","20,346,178.4000","96,824,708.8100","98,663,995.1200","115,822,267.6100","10,614,208.0200","79,680,245.9700","12,029,062.1600","23,180,261.4200","17,333,854.4100","40,635,567.5900","244,362,452.2700","259,255,842.8600"
"835","002372.SZ","建筑材料","","","","","","",NA,"","","","","","","","","","","",NA,"","","","","","","",NA,"","","","","","","","","","","","","","","","","","","","","","","","","","","","","40,954,302.7400","","","","87,419,136.3600","","","","95,132,006.8000","17,464,650.8700","57,476,925.8900","104,485,274.2000","132,625,672.8100","22,076,279.7800","74,488,673.1900","134,980,329.1600","170,117,635.9100","27,868,582.1000","104,824,721.1500","179,547,428.3100","219,252,473.6400","28,057,620.8100","109,190,154.5400","184,784,609.6300","235,936,331.3100","38,950,308.3900","135,056,529.2300","233,420,786.0900","315,672,988.1200","48,785,752.8100","164,201,169.7600","280,541,198.9500","387,751,586.7300","58,194,328.5000","190,432,495.8600","329,557,058.9400","484,410,026.0700","70,695,751.3500","246,520,722.7800","443,959,716.9000","670,703,528.3800","83,237,330.3500","312,072,653.1100","544,371,283.4400","820,989,974.4800"
"855","002392.SZ","建筑材料","","","","","","",NA,"","","","","","","","","","","",NA,"","","","","","","",NA,"","","","","","","","","","","","","","","","","","","","","","","","","","","","","60,589,339.8300","","","","79,998,401.2500","","","","71,299,745.9900","18,060,342.2000","42,465,433.6500","68,034,142.5800","99,224,300.1600","30,829,852.1600","61,216,795.6900","87,327,081.7900","107,878,351.0200","23,701,652.1500","56,494,846.5100","89,871,603.1000","119,853,133.2200","30,184,490.8500","60,294,030.0000","92,425,250.0100","111,016,590.4900","39,442,337.1900","78,860,322.9900","130,547,605.2100","172,928,233.2600","60,544,996.0700","120,438,022.2900","196,987,695.6900","203,392,890.5600","50,192,913.2800","97,239,940.0500","144,281,534.3600","-45,892,771.8700","29,452,651.4800","82,739,308.3300","140,875,611.2900","147,847,806.5600","40,254,545.9400","84,571,447.7600","114,922,872.0600","162,527,056.5300"
"861","002398.SZ","建筑材料","","","","","","",NA,"","","","","","","","","","","",NA,"","","","","","","",NA,"","","","","","","","","","","","","","","","","","","","","","","","","","","","","58,549,160.9400","","","","70,140,963.7600","","","","55,586,538.2400","12,340,730.1900","34,661,681.5100","47,903,884.8600","68,815,080.0500","13,318,552.5900","23,230,385.5800","36,063,328.4800","57,711,349.4600","20,232,934.8400","55,020,934.2400","92,869,388.5200","141,438,561.2300","39,003,110.1000","91,208,730.0200","150,359,258.2800","202,624,441.9800","54,794,427.0300","125,889,142.8200","187,874,239.4400","239,501,215.1400","45,139,231.0100","115,920,710.2000","175,333,786.2200","228,959,897.8100","48,190,293.3000","110,871,404.0400","163,757,796.1000","204,697,008.5200","39,788,437.0300","87,868,232.6700","128,065,938.9200","170,200,290.8000","30,646,756.8500","79,266,871.9200","133,947,970.7300","192,838,638.1600"
"920","002457.SZ","建筑材料","","","","","","",NA,"","","","","","","","","","","",NA,"","","","","","","",NA,"","","","","","","","","","","","","","","","","","","","","","","","","","","","","","","","","64,362,596.3600","","","","77,404,312.6900","","47,809,146.3500","87,263,371.6700","119,815,990.6800","26,749,892.8000","51,534,512.5300","101,937,089.5400","125,982,527.9100","8,307,836.3800","51,780,516.2700","102,955,062.2800","121,252,479.1500","8,326,927.8500","44,623,917.5000","72,976,800.4300","70,679,555.6500","-2,331,254.9400","38,194,324.5500","75,278,341.3100","111,783,221.5000","-33,666.5200","37,152,170.8700","61,043,610.6000","61,554,940.0100","-155,229.2900","14,109,193.8700","19,846,348.1500","46,933,647.7100","-1,587,879.3900","-102,092.2400","8,579,128.4000","23,018,701.0600","-7,139,936.6800","-44,298,049.7900","-72,757,056.8200","16,455,883.1100"
"1058","002596.SZ","建筑材料","","","","","","",NA,"","","","","","","","","","","",NA,"","","","","","","",NA,"","","","","","","","","","","","","","","","","","","","","","","","","","","","","","","","","","","","","51,469,899.2100","","","","70,410,093.2700","10,124,807.7700","44,394,197.6600","64,802,240.7300","85,838,557.2500","8,496,503.0200","32,146,219.2300","47,469,510.3800","61,211,419.9300","8,202,520.5500","30,715,729.0400","47,555,159.5100","68,093,355.0300","9,036,706.9400","28,844,193.5400","42,246,603.9300","43,318,611.0800","2,768,092.2100","13,627,494.8900","19,381,870.7500","22,641,827.5100","-9,714,302.6600","-16,738,795.9500","11,110,771.8600","88,049,967.5700","-22,474,228.1700","-5,683,038.9500","19,096,193.1000","72,849,937.8000","8,996,910.6500","69,086,251.0100","108,706,845.5700","181,258,938.8200"
"1085","002623.SZ","建筑材料","","","","","","",NA,"","","","","","","","","","","",NA,"","","","","","","",NA,"","","","","","","","","","","","","","","","","","","","","","","","","","","","","","","","","","","","","5,986,643.0500","","","","79,670,730.0700","","","162,327,151.1000","218,183,757.7800","55,060,793.3600","94,558,833.4700","163,795,166.4800","213,478,667.1200","35,862,240.4200","68,847,652.8000","57,390,867.1600","73,339,551.4400","8,597,130.4900","22,833,575.2000","45,954,603.4900","61,597,939.4200","15,989,838.8800","19,031,189.6800","23,473,409.2100","37,823,936.5300","19,647,435.8900","46,701,636.9900","65,472,662.0100","54,552,735.7100","10,715,692.0900","30,146,826.0100","45,682,871.3600","17,156,832.0600","7,945,490.7300","9,692,229.5200","11,915,063.5400","-19,064,515.4400"
"1103","002641.SZ","建筑材料","","","","","","",NA,"","","","","","","","","","","",NA,"","","","","","","",NA,"","","","","","","","","","","","","","","","","","","","","","","","","","","","","","","","","","","","","71,006,056.6800","","","","152,279,039.0600","","","107,321,040.0600","160,695,913.8200","31,180,072.7800","81,202,507.6000","122,702,590.6100","170,621,035.5400","33,145,780.7700","105,232,516.7000","181,679,453.7600","271,082,240.9300","36,783,199.9400","119,571,102.9900","200,577,387.7600","242,957,335.2000","18,928,907.5500","97,151,633.9800","158,486,625.8900","225,039,931.7500","25,940,905.9000","119,650,312.2900","176,698,257.6800","259,411,877.1900","26,133,808.3400","122,125,426.5900","216,036,416.4100","214,847,407.4700","6,078,219.4000","63,171,457.6200","129,983,420.4200","192,654,302.7500"
"1114","002652.SZ","建筑材料","","","","","","",NA,"","","","","","","","","","","",NA,"","","","","","","",NA,"","","","","","","","","","","","","","","","","","","","","","","","","","","","","","","","","","","","","22,154,152.9300","","","","37,393,744.6800","","","","57,558,266.1400","14,492,163.3300","33,818,239.6400","41,215,656.9900","58,643,513.2200","10,808,317.4200","23,878,314.8000","29,332,730.6400","41,246,963.6100","8,779,677.2000","21,036,845.3900","30,943,894.4100","36,097,422.1200","7,905,952.0000","17,811,341.2700","26,326,291.3300","36,325,896.9800","7,798,316.0600","37,266,780.6100","64,772,353.4100","69,553,940.1800","20,051,467.1200","54,826,707.4500","112,849,924.5900","145,861,309.4100","50,936,257.4200","82,164,738.3500","91,129,239.8800","139,401,948.5400"
"1133","002671.SZ","建筑材料","","","","","","",NA,"","","","","","","","","","","",NA,"","","","","","","",NA,"","","","","","","","","","","","","","","","","","","","","","","","","","","","","","","","","","","","","27,009,525.7800","","","","36,869,073.1200","","","","61,337,758.9200","1,176,804.6700","25,043,694.1600","78,961,513.5800","72,270,118.5800","8,309,975.1700","42,716,164.9800","68,430,566.2100","79,781,135.3300","9,111,464.0900","55,765,109.6900","92,082,841.1400","122,839,873.3100","9,474,906.4300","72,396,660.7700","117,843,764.4300","164,729,146.6300","-24,292,485.5600","16,819,913.0100","23,977,040.1300","20,719,030.6800","357,114.1400","25,913,753.2500","23,838,585.8100","24,021,664.3300","-25,626,931.3500","-40,556,178.8100","-26,289,632.0200","46,827,740.7000"
"1156","002694.SZ","建筑材料","","","","","","",NA,"","","","","","","","","","","",NA,"","","","","","","",NA,"","","","","","","","","","","","","","","","","","","","","","","","","","","","","","","","","","","","","","","","","44,813,856.1600","","","","38,512,603.4900","","40,832,551.6000","70,573,552.2200","102,146,326.8300","13,445,874.6200","58,148,380.0300","92,140,579.3100","114,130,273.5500","6,473,548.6200","52,855,716.3900","74,852,180.1700","90,405,876.3000","8,642,760.4100","42,126,294.0300","63,702,409.0000","18,760,346.5200","-1,132,917.3400","15,299,897.0300","24,358,425.6800","19,030,849.0500","-14,730,479.9500","3,739,940.1100","9,249,296.7500","48,718,531.6600","-22,195,232.3900","2,988,094.4000","17,349,395.5900","117,318,968.3500"
"1178","002718.SZ","建筑材料","","","","","","",NA,"","","","","","","","","","","",NA,"","","","","","","",NA,"","","","","","","","","","","","","","","","","","","","","","","","","","","","","","","","","","","","","","","","","26,974,288.2200","","","","55,877,293.0300","","","","63,452,372.6000","","","30,667,800.0000","61,211,589.1900","3,519,998.6200","30,143,715.0200","51,505,700.0000","86,051,188.5100","4,953,143.3100","43,892,572.7800","71,552,602.6600","104,681,526.4100","8,604,710.3000","49,022,242.4000","75,747,775.4300","120,785,544.5400","11,634,161.0700","58,209,863.3700","83,970,595.3900","125,271,590.2500","16,357,239.3600","63,841,887.4300","89,472,808.0200","126,189,421.4100"
"1201","002742.SZ","建筑材料","","","","","","",NA,"","","","","","","","","","","",NA,"","","","","","","",NA,"","","","","","","","","","","","","","","","","","","","","","","","","","","","","","","","","","","","","","","","","","","","","","","","","87,232,638.1900","","","","102,480,873.9900","","","","102,336,292.0200","7,795,554.0700","41,477,729.0500","67,501,168.4000","101,224,888.7800","24,036,853.7300","54,675,583.9200","81,367,104.7300","123,246,378.0300","26,315,689.6000","62,275,978.7600","78,239,672.8200","120,515,542.2800","26,614,969.1300","130,831,980.0000","144,282,384.8300","189,738,760.4700"
"1240","002785.SZ","建筑材料","","","","","","",NA,"","","","","","","","","","","",NA,"","","","","","","",NA,"","","","","","","","","","","","","","","","","","","","","","","","","","","","","","","","","","","","","","","","","","","","","","","","","55,903,528.5100","","","","37,353,709.5300","","","","39,571,660.2500","1,550,251.0300","","11,334,103.6500","20,586,956.8700","3,600,295.3700","3,548,942.7300","13,176,081.4100","21,549,432.2300","3,524,292.0400","9,275,095.6000","17,384,982.3600","28,122,851.8600","5,953,335.2200","13,289,256.6700","18,913,084.7200","-4,779,321.8300"
"1246","002791.SZ","建筑材料","","","","","","",NA,"","","","","","","","","","","",NA,"","","","","","","",NA,"","","","","","","","","","","","","","","","","","","","","","","","","","","","","","","","","","","","","","","","","","","","","","","","","116,022,504.8800","","","","185,591,061.8200","","","","229,451,053.3600","","","","215,779,182.2000","-8,051,543.8500","80,174,711.6300","142,087,646.0600","211,326,940.4700","-1,843,511.4300","95,240,294.1000","183,128,852.8300","252,138,553.3900","2,903,633.7300","104,986,946.5200","192,235,642.3900","192,902,574.3800"
"1249","002795.SZ","建筑材料","","","","","","",NA,"","","","","","","","","","","",NA,"","","","","","","",NA,"","","","","","","","","","","","","","","","","","","","","","","","","","","","","","","","","","","","","","","","","","","","","","","","","29,316,748.6900","","","","42,920,111.9600","","","","51,977,413.7000","","","","65,017,914.3100","15,283,439.7900","31,926,927.4300","45,296,550.1000","66,001,772.0500","14,527,206.5300","35,014,070.4200","49,775,259.8000","67,377,816.7400","12,070,335.2800","30,139,158.4200","43,847,506.3800","58,028,368.0500"
"1363","002918.SZ","建筑材料","","","","","","",NA,"","","","","","","","","","","",NA,"","","","","","","",NA,"","","","","","","","","","","","","","","","","","","","","","","","","","","","","","","","","","","","","","","","","","","","","","","","","","","","","","","","","63,927,631.1600","","","","76,950,488.2300","","","","115,743,537.0200","","","136,891,228.3300","232,997,881.7700","41,441,456.5600","121,846,305.7800","235,996,842.3100","301,721,014.5400"
"1473","300093.SZ","建筑材料","","","","","","",NA,"","","","","","","","","","","",NA,"","","","","","","",NA,"","","","","","","","","","","","","","","","","","","","","","","","","","","","","","","","","23,917,146.7900","","","","36,969,946.8900","6,819,935.9600","20,802,059.2500","27,215,131.9800","41,807,442.8400","8,620,820.6100","23,766,642.9400","30,297,466.1900","43,708,950.4200","8,920,210.8900","24,391,435.7100","30,229,411.3400","44,473,465.1200","9,451,711.7000","24,594,691.6500","29,438,622.5500","27,294,858.4000","8,135,011.8600","15,680,942.4000","24,124,909.7400","11,678,438.4900","5,821,824.8100","11,048,761.6500","17,214,472.6600","19,285,175.2400","5,862,505.8400","8,069,236.2300","8,547,028.8700","4,618,522.8400","399,779.5200","645,429.6800","526,492.7500","4,679,872.8400","460,986.0900","9,310,609.9400","13,805,909.8700","17,889,002.3000"
"1497","300117.SZ","建筑材料","","","","","","",NA,"","","","","","","","","","","",NA,"","","","","","","",NA,"","","","","","","","","","","","","","","","","","","","","","","","","","","","","20,612,151.4700","","","","60,980,902.0100","","","","66,993,656.6300","","","51,213,456.1900","67,530,239.0200","9,005,025.4900","38,181,882.7900","61,488,951.1200","71,452,018.3400","7,070,775.6300","27,921,295.0100","43,795,135.0100","57,672,535.7300","6,846,182.1500","24,010,637.7900","41,621,219.7800","55,077,126.2500","3,074,062.3500","24,173,490.9200","41,654,263.9800","61,013,145.7100","5,615,943.6000","26,054,507.6100","43,836,095.9700","47,487,094.4400","10,223,389.7100","34,711,390.2100","44,396,518.9200","67,883,880.1500","10,590,891.0400","29,396,092.5600","49,369,266.1200","76,271,721.4300","11,850,810.7600","21,576,702.1500","77,196,000.0500","77,641,045.3800"
"1577","300198.SZ","建筑材料","","","","","","",NA,"","","","","","","","","","","",NA,"","","","","","","",NA,"","","","","","","","","","","","","","","","","","","","","","","","","","","","","","","","","5,131,870.0200","","","","22,477,274.2500","","","","46,791,730.1600","8,339,316.6000","14,431,440.4200","38,766,016.5900","56,618,292.6700","10,990,957.0400","35,081,706.3300","58,477,470.3100","74,170,597.8500","13,461,142.8000","42,473,919.1700","71,539,008.7000","95,914,510.2600","18,941,366.9600","60,116,729.2000","80,376,693.0700","91,045,459.9500","20,434,968.6000","42,766,603.1900","40,233,225.1500","49,714,990.8900","5,753,837.1600","30,727,065.0300","25,661,052.0500","53,150,376.7000","35,858,849.9100","31,731,953.5200","42,727,426.4900","84,965,794.9600","-17,108,583.2900","26,186,417.0800","33,348,804.2700","82,540,967.7900"
"1613","300234.SZ","建筑材料","","","","","","",NA,"","","","","","","","","","","",NA,"","","","","","","",NA,"","","","","","","","","","","","","","","","","","","","","","","","","","","","","","","","","","","","","13,065,526.9700","","","","16,020,021.0900","8,063,718.7500","17,871,856.7900","24,217,161.7600","32,588,153.6600","11,625,449.2100","24,465,351.6900","35,050,472.3500","43,712,684.1700","12,299,215.5700","16,476,558.1700","21,897,342.8000","25,701,093.3900","7,735,907.1000","18,479,203.1100","32,238,263.2700","49,783,937.5000","22,844,526.7100","54,437,363.4400","84,850,036.4900","104,341,760.1100","25,434,915.8800","54,694,195.6000","64,787,402.2800","65,120,191.8000","10,368,262.0900","15,687,304.7400","25,796,784.8000","29,940,749.4100","-2,289,531.7500","263,831.6400","1,616,598.4500","-7,016,706.1200"
"1723","300344.SZ","建筑材料","","","","","","",NA,"","","","","","","","","","","",NA,"","","","","","","",NA,"","","","","","","","","","","","","","","","","","","","","","","","","","","","","","","","","","","","","4,340,831.1200","","","","23,388,531.3900","","","","47,636,904.8100","","","42,130,424.0500","60,406,057.4300","-5,693,447.4700","","40,183,572.4600","44,955,040.7700","-9,524,325.3500","14,155,968.8400","20,686,477.8000","24,711,144.4500","-6,857,393.6900","10,176,543.8400","740,022.6800","-20,495,520.5500","-14,834,451.5500","-21,701,423.8500","-39,106,130.8200","-66,566,138.2200","-10,675,966.3900","-35,817,646.7000","21,139,918.0400","38,400,300.8200","-1,106,879.3000","-6,943,134.3900","3,532,814.8200","-17,883,107.1000"
"1751","300374.SZ","建筑材料","","","","","","",NA,"","","","","","","","","","","",NA,"","","","","","","",NA,"","","","","","","","","","","","","","","","","","","","","","","","","","","","","","","","","","","","","","","","","","","","","","","","","52,035,855.5400","","","","60,609,020.6700","","","","61,752,972.7200","-7,655,387.4300","-11,940,482.9300","12,893,154.4000","62,195,141.3000","-5,582,721.5500","19,696,130.1100","22,407,532.6500","43,135,659.7000","-5,099,373.9100","4,512,038.7000","11,534,916.0000","50,609,896.1900","6,032,154.1300","28,771,907.5800","45,061,450.6400","70,291,136.6600"
"1971","300599.SZ","建筑材料","","","","","","",NA,"","","","","","","","","","","",NA,"","","","","","","",NA,"","","","","","","","","","","","","","","","","","","","","","","","","","","","","","","","","","","","","","","","","","","","","","","","","","","","","76,370,941.6100","","","","87,209,793.9500","","","","110,523,279.3000","","","61,378,488.4000","98,684,489.3500","19,631,908.8600","43,168,490.8000","72,377,478.1100","100,124,101.5000","20,068,031.6400","43,585,604.6700","87,630,881.2700","133,655,587.5600"
"2081","300715.SZ","建筑材料","","","","","","",NA,"","","","","","","","","","","",NA,"","","","","","","",NA,"","","","","","","","","","","","","","","","","","","","","","","","","","","","","","","","","","","","","","","","","","","","","","","","","","","","","-13,068,183.6700","","","","6,906,511.4800","","9,486,308.8800","","17,651,158.8000","","13,890,544.6700","","28,525,250.7100","","16,652,597.9300","25,690,691.7400","40,236,957.9400","8,158,962.3500","18,698,626.5200","28,496,612.6000","44,570,202.6700"
"2101","300737.SZ","建筑材料","","","","","","",NA,"","","","","","","","","","","",NA,"","","","","","","",NA,"","","","","","","","","","","","","","","","","","","","","","","","","","","","","","","","","","","","","","","","","","","","","","","","","","","","","","","","","39,532,588.0600","","","","78,559,778.6500","23,856,140.9100","74,236,359.6600","","164,902,584.8300","","180,674,700.5800","239,441,573.5500","264,446,344.2200","19,361,284.6400","108,153,714.6100","166,990,956.9000","217,437,483.7000"
"2232","600145.SH","建筑材料","","","","","","",NA,"","","","","","","","","8,664,943.6800","","",NA,"19,752,684.8600","","","","16,981,283.5900","","8,577,309.4900",NA,"22,714,600.7900","","3,584,438.0200","","37,412,256.7700","","51,245,327.9300","","79,863,504.2400","12,412,655.1800","31,378,416.3400","35,338,958.6200","39,702,107.8300","7,845,014.9900","16,223,163.6400","18,323,451.6200","30,991,270.7000","1,587,455.0000","16,738,814.8100","22,486,939.3800","18,227,690.2000","2,206,148.2100","9,231,035.1900","12,242,270.5000","9,604,952.5900","380,013.1200","5,315,158.3200","11,330,432.9000","12,241,725.2400","-4,518,555.4200","3,302,737.9500","6,211,021.6700","6,770,983.4000","1,357,810.3900","-137,874,311.3100","-148,128,448.2400","-271,240,774.1000","-11,237,955.2600","-30,742,019.3700","-32,096,620.9700","-135,479,285.6500","16,615,695.9200","23,404,026.6800","24,131,954.4500","58,227,924.2000","478,529.8200","469,146.1100","856,520.9200","-24,281,048.7200","-3,197,270.2700","11,433,794.2200","11,864,333.3900","1,652,229.1500","727,387.9400","4,390,190.7400","4,474,740.9400","-92,005,382.9400","-682,392.8100","-1,493,695.4300","-4,065,825.2900","-1,539,620,386.6700","-2,870,632.9200","-3,012,420.0900","-3,742,863.0400","59,082,028.6800","-2,097,314.0300","14,342,799.6200","23,584,456.1800","-3,181,975.3500","-174,885.3200","4,071,910.3000","3,794,960.9200","10,235,135.1900"
"2386","600321.SH","建筑材料","","","","","","",NA,"","","","","","","","","","","",NA,"","","","","51,076,999.6400","","",NA,"57,246,316.7700","","27,775,251.3200","","63,522,057.2600","","29,756,027.7800","","61,904,039.7700","8,959,093.6700","20,646,248.4400","40,910,240.3900","48,409,173.2200","10,097,041.7700","15,247,775.3900","33,599,904.2800","32,707,506.6700","10,494,360.6400","21,218,378.8800","25,866,124.7500","29,880,377.3000","7,088,107.8600","13,606,020.7400","17,627,303.6200","19,529,724.7300","10,952,864.0400","20,396,825.6700","28,992,113.6600","39,001,205.4100","11,379,615.5700","31,936,490.2300","44,519,798.7500","60,368,273.6000","11,530,396.8600","22,258,873.1400","31,505,242.6700","31,053,194.1500","6,334,005.4700","16,560,553.2800","27,312,509.4800","39,914,432.2200","10,857,267.1400","22,461,252.8100","34,441,587.0300","39,570,847.2000","24,000,777.2600","12,658,274.3700","23,797,349.1400","4,244,034.1000","8,035,667.6800","15,038,182.7900","22,741,591.3300","4,375,465.1400","8,823,374.6400","19,099,736.4000","12,134,845.5600","74,862,383.9100","-7,625,140.4300","-15,706,861.5200","8,774,420.8400","6,040,524.5500","-7,749,869.5500","12,393,405.8400","18,714,257.8100","-57,078,975.0500","-18,933,826.2200","-130,613,840.1000","-95,319,253.7200","-9,266,242.2200","-20,305,024.8000","-5,583,123.6700","-4,782,571.4000","-4,567,368.2300"
"2469","600425.SH","建筑材料","","","","","","",NA,"","","","","","","","","","","",NA,"","","","","","","",NA,"","","","","23,080,847.1900","","","","26,587,041.5300","","12,621,306.4200","21,590,915.7000","27,441,152.6900","342,091.4900","10,274,260.4300","24,089,016.9700","31,669,179.3500","901,114.8300","14,852,102.9600","36,128,457.7400","53,141,074.4700","203,134.2500","9,009,840.3900","17,174,139.4600","20,998,979.8600","620,467.4600","21,229,415.3000","47,550,382.7600","55,391,701.1800","-65,593.9000","27,379,864.5800","68,250,761.7100","82,376,395.8700","2,612,238.3100","50,993,906.2500","113,456,219.9000","124,836,857.5100","14,127,454.6200","104,958,083.7900","194,187,993.9900","220,596,461.1700","17,491,482.8300","127,988,969.4400","254,954,102.9400","318,560,573.0900","5,053,293.1200","197,587,240.3800","427,607,432.5300","493,963,387.3100","-13,014,377.5600","103,204,295.1500","107,735,567.3900","126,146,479.6100","-110,546,082.6000","4,842,134.7800","29,275,525.8900","85,737,231.5200","-177,280,275.3800","-241,234,645.7400","-308,728,585.2300","-118,401,934.4400","-194,234,266.0400","-336,505,860.0300","-437,834,222.2800","-931,360,469.6000","-193,971,576.4400","-252,484,484.1600","-295,829,399.0800","-744,924,957.9700","-189,643,457.5600","-180,732,747.4900","-52,289,696.9500","-60,763,986.2400"
"2481","600449.SH","建筑材料","","","","","","",NA,"","","","","","","","","","","",NA,"","","","","","","",NA,"","","","","28,953,296.0100","","","","26,402,335.5900","","","17,810,344.8900","27,364,820.7000","-2,699,000.2600","15,187,695.3700","34,962,194.9800","38,406,853.6600","-1,464,097.4000","21,660,136.8300","55,789,085.5200","57,789,831.9700","-3,291,775.6200","23,672,677.2600","52,349,375.5000","59,840,921.9900","-18,432,780.8600","-16,924,807.2300","25,183,052.9300","46,011,916.4000","-14,914,754.8500","29,943,230.0900","82,858,098.3000","114,169,480.1500","-8,758,887.9100","87,132,587.6700","202,641,848.5200","288,917,965.6700","27,112,042.4800","187,932,042.9900","364,562,541.3900","468,221,661.1800","-8,080,950.4900","215,774,849.2100","418,318,104.3900","589,010,979.1500","-10,623,270.7000","197,006,533.0900","340,089,261.0900","376,071,573.4100","-67,225,748.6900","-22,991,438.9000","49,552,856.4200","99,299,865.5200","-73,515,737.0300","103,131,393.9400","254,737,719.6600","374,368,424.6100","-65,892,583.8200","134,444,380.5300","323,686,680.4200","329,857,402.8300","-77,650,665.0700","-29,676,349.7700","47,943,932.1800","54,908,316.7900","-90,442,313.8500","-29,187,837.7600","114,239,040.2800","95,475,829.6000","-57,259,425.0200","132,907,710.2100","320,472,523.4700","378,277,656.4600"
"2592","600585.SH","建筑材料","","","","","","",NA,"","","","","","","","","","","",NA,"","","","","","","",NA,"39,684,365.0000","","","","113,903,296.0000","","111,096,768.0000","","264,438,169.0000","68,569,645.0000","142,604,715.0000","241,068,016.0000","371,387,375.0000","119,337,399.0000","314,000,492.0000","581,574,355.0000","1,112,674,504.0000","622,389,123.0000","1,114,850,507.0000","1,313,925,178.0000","1,451,128,513.0000","31,644,358.0000","186,565,446.0000","354,933,106.0000","587,442,780.0000","219,598,789.0000","756,153,120.0000","1,201,939,789.0000","1,899,415,274.0000","279,337,384.0000","1,011,899,829.0000","1,654,449,713.0000","2,704,010,930.0000","470,875,770.0000","1,365,387,177.0000","2,081,898,711.0000","2,679,521,942.0000","420,104,267.0000","1,331,203,973.0000","2,296,556,876.0000","3,661,946,288.0000","822,318,449.0000","1,874,597,459.0000","3,284,005,624.0000","6,354,327,170.0000","2,257,650,296.0000","6,098,356,017.0000","9,245,829,159.0000","11,824,343,967.0000","1,262,390,853.0000","2,970,221,439.0000","4,013,216,171.0000","6,462,229,748.0000","1,000,547,909.0000","3,169,971,345.0000","5,641,272,873.0000","9,811,453,904.0000","2,588,863,136.0000","6,142,934,166.0000","8,668,255,922.0000","11,587,595,783.0000","1,718,252,224.0000","4,741,126,866.0000","6,132,280,992.0000","7,627,951,676.0000","1,174,219,665.0000","3,460,199,602.0000","6,227,394,322.0000","8,950,642,624.0000","2,280,893,613.0000","7,057,526,771.0000","10,252,467,316.0000","16,428,733,895.0000"
"2593","600586.SH","建筑材料","","","","","","",NA,"","","","","","","","","","","",NA,"","","","","","","",NA,"24,204,780.0000","","","","34,685,042.0800","","","","84,438,930.3600","","32,146,456.2600","46,814,122.7000","58,584,444.3300","6,960,870.1800","22,033,463.2400","39,706,448.4700","57,084,296.9400","17,547,943.5400","41,512,286.7500","64,876,152.5400","100,575,392.5600","17,932,403.6400","38,407,956.2100","46,950,447.4200","46,917,555.9200","15,011,780.9900","32,996,188.2100","46,885,262.2700","68,845,329.6900","28,861,808.5200","102,046,775.9300","173,686,082.3600","229,692,823.9500","43,455,241.5900","105,508,038.6700","151,475,080.6000","124,971,598.7700","12,487,521.4600","41,939,444.9000","90,176,122.0000","136,480,914.1900","62,340,412.9900","129,497,659.1100","203,409,576.5600","374,990,941.4300","74,102,423.6700","135,071,761.7300","179,866,613.9100","194,803,946.1300","9,646,782.3000","-122,884,498.1300","-182,708,246.6200","-364,316,400.4700","41,012,875.7000","63,564,177.3300","90,742,806.3200","104,109,953.2800","30,454,221.6900","36,397,232.3600","15,238,643.8100","-199,473,172.1200","-48,163,889.5900","-76,413,360.4100","-107,148,105.5800","36,720,735.1300","4,591,877.1000","10,388,678.8600","31,478,897.9500","19,125,609.2300","41,620,979.4200","86,145,263.3700","150,876,958.1100","113,164,637.6000"
"2666","600668.SH","建筑材料","4,675,196.4600","12,105,676.7800","","31,789,423.8800","","18,440,219.9300",NA,"36,667,090.0000","","18,136,200.0000","","37,282,955.1700","","7,527,295.7800","","40,313,911.7700","","8,210,156.3200",NA,"42,106,608.7200","","10,069,699.9200","","52,414,781.4400","","7,779,388.6400",NA,"27,270,553.1000","","22,858,122.7300","","41,050,304.1200","","25,462,817.4300","","49,985,110.5500","-3,751,345.5700","18,366,411.5300","29,302,544.3700","46,832,498.0000","953,089.6100","11,778,830.5300","28,498,519.0300","43,920,670.6100","10,315,980.6600","27,545,539.6000","30,803,033.8900","16,007,927.9100","-22,268,753.2400","-17,867,189.6600","-26,053,542.8800","-2,929,174.9400","-23,909,017.7500","-31,494,300.4300","-33,733,419.8400","-78,281,585.3100","-5,830,572.6900","-2,906,888.8500","-120,597.7600","43,494,608.5600","-3,279,430.7100","5,796,149.3100","13,657,241.4600","32,733,690.5500","-4,410,637.9100","34,112,550.8300","43,913,403.3100","81,203,679.6700","2,104,314.8700","25,869,907.9400","45,243,880.5500","150,063,461.7400","44,275,806.2900","175,745,808.8900","261,041,285.0700","312,678,303.1700","122,464,991.3200","170,660,559.3900","185,398,145.0200","187,928,845.6900","32,313,194.2400","106,738,055.5300","161,258,731.1000","236,790,392.1700","47,060,383.6900","187,225,300.4700","274,776,688.6700","319,572,336.3400","26,541,975.2700","101,963,239.9000","151,281,211.1200","223,085,411.3800","28,022,025.6300","111,734,822.5500","183,249,471.4400","308,867,365.9200","117,480,095.1500","255,871,203.6100","314,157,585.6600","387,110,137.2300"
"2673","600678.SH","建筑材料","","89,484,600.0000","","157,724,629.5700","","88,626,870.9200",NA,"144,095,000.0000","","23,722,125.4200","","25,858,860.5800","","23,972,069.2600","","47,733,730.8500","","12,026,643.2700",NA,"24,505,157.4200","","9,415,275.5100","","13,295,249.3100","","16,604,464.1300",NA,"9,116,362.4900","","9,727,606.8800","","16,142,990.2400","","2,350,179.4300","","-82,312,001.2800","1,712,871.1800","11,282,273.9800","14,871,774.0500","16,164,555.2300","2,093,083.5100","5,224,213.1100","8,344,939.1200","19,358,057.9500","2,081,020.5800","5,913,875.1200","6,921,503.8300","13,493,387.5600","576,800.5600","3,032,943.1000","6,609,694.5600","13,496,596.1500","1,013,961.4100","8,049,659.5800","8,923,711.5800","19,268,568.5700","1,806,846.0700","9,233,910.8600","15,012,613.6400","25,729,826.7100","5,422,033.4300","22,280,389.3900","36,808,986.9000","52,115,007.4500","373,129.6700","-51,857,296.8700","-96,504,039.7400","-555,262,197.5700","-25,594,349.9300","-377,955,290.1100","-445,655,336.3400","-619,753,466.3600","-47,964,153.7100","-101,747,817.9500","-242,254,638.7800","-17,599,939.0300","-31,650,856.7500","-82,563,160.0300","-7,892,989.9600","415,893,905.5700","-1,165,804.4800","-3,133,929.0600","-2,192,659.3700","4,799,416.0500","1,234,749.9200","3,495,330.2700","-16,293,865.8000","-37,833,918.0200","-10,799,839.3100","819,721.0500","-4,187,065.7700","1,892,863.7600","-9,257,988.2400","-17,567,089.8800","-23,938,525.8600","-28,877,032.7400","-8,478,973.1200","-5,509,609.9200","-582,400.8400","28,833,035.1500"
"2713","600720.SH","建筑材料","","","","15,198,238.0700","","",NA,"12,685,966.3300","","","","10,758,267.5200","","7,927,433.7000","","25,518,074.5200","","11,537,066.1800",NA,"22,677,777.0000","","4,621,815.7400","","30,739,508.6000","","10,798,635.5800",NA,"43,401,086.8900","","26,730,873.6200","","56,372,374.1300","","32,213,289.9700","","53,942,022.3300","1,293,396.4000","21,488,121.4400","39,527,126.4300","42,275,646.3200","-132,928.0000","13,077,363.1900","31,542,043.5900","40,925,864.7500","759,506.8500","15,714,589.8800","37,699,633.3000","30,539,557.2600","-4,762,656.2400","9,961,620.3400","7,308,261.1200","10,216,196.2500","-5,660,204.6800","14,071,508.0700","22,752,825.7500","22,297,639.5900","-8,737,839.3800","25,299,286.2400","47,522,431.6600","30,451,819.5800","-2,738,636.0100","70,178,932.9400","188,582,465.9900","217,734,863.6300","47,518,631.2600","193,732,978.2500","364,999,456.5400","467,898,029.3600","75,849,599.8500","260,857,097.6600","436,652,046.8000","532,934,148.6500","43,231,024.3400","262,664,611.4800","421,613,097.5700","347,607,528.2600","-98,586,318.5600","18,083,224.2500","169,547,120.3500","173,426,871.7100","-86,073,548.5600","123,850,203.4100","428,013,895.5100","539,679,487.9300","-105,149,112.6600","270,051,274.2900","680,146,186.4800","555,776,067.4400","-185,410,790.7800","-64,656,240.9100","37,520,534.2100","134,981,544.4400","-226,423,713.6800","-43,531,542.7800","196,404,195.2800","135,216,894.0000","-142,891,912.6600","181,191,510.6800","587,012,630.7400","529,047,697.7800"
"2788","600801.SH","建筑材料","","23,798,000.0000","","51,751,738.1400","","27,477,133.8700",NA,"60,525,000.0000","","21,279,200.0000","","48,146,002.2700","","19,796,236.1900","","15,901,899.5800","","346,631.4700",NA,"7,546,960.4500","","543,702.6500","","5,117,000.0000","","918,358.3600",NA,"4,268,427.0000","","4,000,370.0200","","16,418,304.8000","","9,773,141.3900","","22,207,405.5200","-3,763,480.0000","13,315,951.0900","26,423,225.9000","29,969,061.6400","2,144,409.2100","10,598,973.2000","30,819,736.6800","80,741,502.9200","85,263,520.8600","160,389,684.1600","189,146,601.4800","194,864,561.5900","-16,019,068.1500","7,200,210.1100","39,713,891.7100","70,669,954.6600","9,368,971.7800","61,767,141.8800","111,283,506.9400","182,687,595.0000","21,402,358.1000","127,241,756.2900","222,915,153.9500","339,366,963.0000","27,119,488.0000","214,065,852.0000","385,649,610.0000","534,940,110.0000","33,469,634.0000","226,281,177.0000","339,996,742.0000","565,804,968.0000","48,625,859.0000","92,815,850.0000","123,106,210.0000","659,903,140.0000","120,566,817.0000","618,781,532.0000","1,028,612,876.0000","1,220,054,998.0000","17,511,161.0000","134,533,692.0000","317,622,484.0000","680,276,752.0000","37,268,969.0000","414,465,353.0000","677,224,843.0000","1,394,523,485.0000","164,693,447.0000","621,564,946.0000","1,044,797,839.0000","1,493,769,374.0000","33,383,097.0000","146,210,375.0000","249,677,759.0000","225,592,645.0000","-143,295,618.0000","59,168,790.0000","293,285,357.0000","620,832,712.0000","76,985,919.0000","745,339,618.0000","1,150,044,912.0000","2,211,758,228.0000"
"2789","600802.SH","建筑材料","","","","86,170,913.0100","","50,701,425.0400",NA,"89,731,910.0000","","29,656,462.8000","","42,815,036.0800","","12,917,766.8100","","47,995,728.9100","","5,198,121.6300",NA,"48,621,851.0800","","4,088,332.1400","","66,662,990.5500","","37,621,064.6700",NA,"73,566,819.2000","","38,337,895.1300","","51,736,004.9400","","3,220,268.1000","","1,874,216.4500","-11,221,229.5400","-17,430,586.6100","-16,226,466.7500","-169,202,223.5500","2,204,503.7600","7,463,524.4200","20,663,460.2000","33,111,001.4800","19,782,326.4900","47,063,371.2000","56,320,766.1700","39,917,682.3400","975,530.3800","-24,129,181.8500","-23,093,004.4000","2,091,144.4700","-8,708,020.2100","-32,190,581.5200","-29,229,902.4100","23,319,194.9100","12,769,982.4300","36,461,450.1000","57,155,278.2400","54,964,921.5800","-13,394,233.1800","-12,748,827.9300","-28,104,606.9900","5,699,046.7700","-41,036,361.6700","-59,987,303.7100","-94,953,613.6900","-95,691,135.0400","-30,194,480.0500","-71,408,799.8700","-88,952,852.9200","8,186,652.4100","24,023,995.9900","91,722,143.6800","112,788,009.4200","125,123,305.6400","-66,242,406.6400","-101,875,016.5100","-190,553,326.7200","25,935,992.1800","-50,795,070.5800","-79,857,005.5700","-118,877,970.4300","31,388,188.8600","-19,687,892.5600","23,239,768.0900","5,259,536.4200","73,046,517.2700","-98,497,019.1100","-159,182,285.3900","-258,170,726.7000","-535,467,941.1800","-103,390,149.7400","-155,729,703.3700","-144,453,100.8000","-55,888,778.1800","-57,762,522.6400","-66,626,060.0900","-117,049,410.6100","-257,243,515.0400"
"2804","600819.SH","建筑材料","","108,644,000.0000","","35,769,300.0000","","141,371,974.4300",NA,"253,204,000.0000","","142,538,704.7000","","263,192,783.1600","","54,809,320.7600","","113,562,535.3400","","48,365,543.1300",NA,"69,944,294.5900","","9,644,867.5600","","34,626,222.8500","","20,071,704.1800",NA,"94,185,705.4200","","65,442,222.3900","","154,621,226.8700","","92,720,859.2000","135,772,234.1100","161,852,297.8500","25,734,251.9500","57,426,600.0100","88,231,501.5300","113,817,355.2900","36,798,165.2400","70,622,529.9600","103,059,700.8600","145,061,116.2500","45,907,401.9300","96,993,642.1300","153,443,127.9900","212,391,845.5000","51,316,248.8200","87,529,627.2600","125,652,689.7300","125,930,848.8400","8,257,918.6200","3,579,678.8000","-1,828,231.2300","11,176,170.8800","16,439,923.3700","52,765,711.3000","69,936,557.5500","112,187,403.6600","22,210,115.3000","44,662,319.1400","44,786,860.4500","6,381,457.1800","-57,351,576.3800","-124,206,309.1200","-114,802,627.1200","-219,215,415.5300","46,352,326.7200","97,885,218.5700","173,966,448.5200","233,711,440.2300","44,119,976.4700","99,403,319.4900","126,881,683.9400","86,577,348.7700","-28,239,938.9900","-35,122,835.1000","-24,203,680.0600","38,811,808.7600","2,361,506.3400","64,027,499.5200","83,766,527.0500","109,109,990.5200","2,957,392.6200","15,333,004.5100","1,815,820.9000","13,093,833.1500","-50,655,738.9800","-92,911,808.2900","-115,558,231.5600","-488,908,349.5100","225,538.8200","8,365,878.9000","48,939,934.0600","211,234,105.7600","10,401,141.5700","24,866,006.5800","41,951,222.4200","70,851,220.3400"
"2856","600876.SH","建筑材料","","","","263,595,000.0000","","",NA,"259,768,358.1500","","139,827,000.0000","","264,101,584.8700","","17,798,315.0700","","21,619,105.0200","","-80,098,010.4600",NA,"-300,596,000.0000","","-115,601,000.0000","","-441,953,000.0000","","-33,671,000.0000",NA,"35,682,000.0000","","38,671,000.0000","","89,440,000.0000","","6,628,000.0000","","8,088,000.0000","-32,563,000.0000","-115,175,000.0000","-155,774,000.0000","-390,420,000.0000","-12,364,000.0000","-159,820,000.0000","-150,527,000.0000","-342,390,000.0000","33,447,000.0000","39,335,000.0000","61,877,000.0000","52,839,000.0000","5,526,000.0000","7,007,000.0000","4,101,000.0000","1,538,000.0000","-107,108,000.0000","-191,049,000.0000","-266,840,000.0000","-429,032,000.0000","-31,590,000.0000","-61,551,000.0000","-48,833,000.0000","-76,421,000.0000","11,098,488.8800","-64,732,000.0000","-133,198,922.4600","-34,557,687.0600","-63,114,396.3300","-95,991,760.8300","-94,492,329.8600","-173,447,485.8400","-14,149,754.9300","2,793,590.2300","19,873,021.0300","54,628,286.0800","63,084,804.8900","56,533,648.6900","43,195,165.7400","-17,632,069.3300","-40,293,126.7700","-52,407,119.6700","-50,444,378.6100","-8,088,065.1200","-27,520,797.0800","-52,310,663.3400","-69,568,201.9100","-110,854,142.3900","67,906,573.0200","27,029,821.0900","410,268.1300","342,843.7500","-34,673,295.8000","-118,933,407.8800","-162,263,938.6200","-194,827,106.8600","437,051.6900","-25,745,594.2300","-71,044,940.5000","11,516,063.7800","1,158,297.4800","1,177,959.0200","569,179.0500","20,568,060.5100"
"2860","600881.SH","建筑材料","","","","","","",NA,"31,402,323.4200","","","","35,558,359.8800","","23,031,352.4000","","36,349,967.2900","","24,743,820.2400",NA,"82,919,425.9800","","51,027,102.5700","","149,326,890.2700","","79,242,678.4900",NA,"130,377,245.0000","","62,619,793.8200","","175,891,413.3400","","48,342,559.1700","","117,016,262.6900","9,098,977.2800","49,066,627.1300","82,292,507.2300","129,989,134.6200","11,367,413.6400","38,853,038.8200","86,803,911.7000","45,484,287.0300","10,229,192.5400","42,038,484.0200","91,090,555.9000","90,927,117.6100","4,576,883.3400","29,243,552.0000","63,707,478.8300","61,653,284.4300","7,483,693.9400","46,191,293.0100","100,502,130.8400","142,348,387.8000","102,969,591.1800","310,314,569.2300","472,353,258.3400","546,091,078.0700","81,724,084.9400","199,889,141.6700","269,420,430.3000","348,631,176.3300","63,569,732.9400","378,056,185.4400","695,071,966.8900","869,005,191.4000","121,052,047.4500","284,861,666.4300","493,860,052.3000","576,113,188.0600","111,483,474.6100","410,165,216.7900","1,006,270,936.2300","1,072,243,481.3700","144,912,444.1700","449,769,288.8600","565,948,378.9200","478,702,186.4900","63,031,587.4800","262,906,390.0200","369,480,825.2800","227,272,817.5100","72,906,758.3900","208,324,615.7000","255,994,597.1200","165,655,099.7000","-224,713,833.5700","-101,430,717.2200","-140,290,579.2200","-520,984,337.0200","-233,856,635.8200","17,925,721.2000","126,992,157.9600","95,479,895.8900","-254,098,390.7700","70,785,643.6500","233,605,782.7800","1,919,700,813.5900"
"2862","600883.SH","建筑材料","","","","","","",NA,"9,097,561.0400","","5,091,364.0000","","6,704,549.6900","","1,431,309.8300","","3,851,503.8800","","3,773,602.2300",NA,"9,111,668.1100","","4,296,680.4600","","14,479,575.1600","","4,103,136.1800",NA,"20,479,536.1500","","7,200,100.3600","","10,359,097.4300","","5,154,630.6400","","9,808,412.5400","1,141,593.9900","2,604,707.3400","1,830,430.3100","6,530,197.9600","3,183,927.6800","6,033,266.3900","4,049,395.9800","1,904,585.1700","2,045,671.6700","5,533,671.2700","9,707,043.1800","2,857,877.6700","2,542,001.6200","7,731,606.3400","8,754,036.4200","6,078,652.8500","9,207,353.8300","18,089,214.1200","25,760,617.3800","29,132,926.3300","9,341,296.7100","15,760,152.4100","20,882,753.6500","19,015,351.4100","3,950,250.9300","10,799,057.6900","12,573,672.9200","2,186,695.5500","-49,049.5600","4,594,592.2800","20,249,830.5800","23,463,984.8800","27,276,322.2000","53,584,316.9100","66,226,011.9500","79,640,653.8000","13,192,744.2100","23,994,277.0500","181,297,161.1800","165,345,410.4800","-8,629,235.4400","-2,990,109.2200","2,471,896.2400","9,600,925.2100","4,448,299.1000","3,251,348.5500","-2,537,146.0000","6,618,483.9200","-5,297,803.2700","-12,455,978.9700","-4,730,935.4700","-48,530,004.9100","27,263,933.9200","119,603,770.2700","118,572,188.6400","69,826,317.4200","-1,769,728.8800","-3,980,262.8900","21,400,847.0300","12,991,040.7000","38,257,226.2600","39,627,973.3000","42,552,344.3900","26,323,882.8600"
"3038","601636.SH","建筑材料","","","","","","",NA,"","","","","","","","","","","",NA,"","","","","","","",NA,"","","","","","","","","","","","","","","","","","","","","","","","","","","","","","","","","","","","","10,156,277.1900","","","","179,187,769.2900","","139,901,778.9400","217,067,676.0600","328,275,818.4100","44,981,297.6300","80,775,944.7000","120,392,820.5600","208,236,246.8000","119,323,433.8400","121,909,787.1500","115,137,399.3000","197,330,150.6200","61,442,211.8200","166,154,446.3300","309,620,987.1600","387,138,421.7100","53,381,002.3700","117,917,151.3100","167,952,580.9300","221,058,649.0200","34,306,807.0300","93,513,116.0500","117,332,406.3600","171,332,577.5600","32,977,927.6100","151,880,627.6900","432,148,005.6000","834,583,670.0400","244,614,501.1100","534,581,680.8600","823,776,383.8600","1,141,778,338.3600"
"3139","603038.SH","建筑材料","","","","","","",NA,"","","","","","","","","","","",NA,"","","","","","","",NA,"","","","","","","","","","","","","","","","","","","","","","","","","","","","","","","","","","","","","","","","","","","","","","","","","51,279,617.2100","","","","59,132,831.6700","","","","68,095,308.3300","","","50,722,392.4200","71,373,171.6100","","","50,238,601.6200","69,778,305.0100","8,276,334.9500","41,044,791.0600","73,284,689.1700","98,991,279.3500","7,646,537.2000","40,749,703.6900","72,156,701.0200","90,900,809.3900"
"3370","603616.SH","建筑材料","","","","","","",NA,"","","","","","","","","","","",NA,"","","","","","","",NA,"","","","","","","","","","","","","","","","","","","","","","","","","","","","","","","","","","","","","","","","","","","","","","","","","65,188,008.4100","","","","43,604,887.9900","","","","77,678,944.0500","11,234,050.7600","41,578,738.9000","67,141,167.5500","80,108,140.9000","10,557,294.9400","10,140,118.6600","5,137,677.6900","20,903,246.7600","-18,244,832.1000","-31,472,923.0100","-6,650,037.5600","14,297,490.2300","921,576.1800","-27,840,977.8900","-22,100,319.1400","-53,572,600.4700"
"3426","603725.SH","建筑材料","","","","","","",NA,"","","","","","","","","","","",NA,"","","","","","","",NA,"","","","","","","","","","","","","","","","","","","","","","","","","","","","","","","","","6,787,289.3700","","","","7,886,564.5000","","","","14,664,204.4200","","","","17,118,501.7700","","15,934,881.5700","","16,843,371.8700","-1,354,487.6500","7,005,077.6300","15,332,975.8300","28,282,887.6000","1,646,443.4400","10,682,088.0700","20,035,447.9100","30,830,606.2300","2,355,741.7400","10,111,303.4400","18,351,589.6500","21,409,074.3400","","23,861,098.0300","","52,833,194.2900","","","39,305,448.3100","71,883,314.0300","7,054,409.0900","26,022,062.6900","34,025,208.1500","55,313,538.7000"
"3477","603856.SH","建筑材料","","","","","","",NA,"","","","","","","","","","","",NA,"","","","","","","",NA,"","","","","","","","","","","","","","","","","","","","","","","","","","","","","","","","","","","","","","","","","","","","","","","","","","","","","102,275,724.7800","","","","139,615,625.5700","","","","87,565,816.5200","","","","100,114,365.5000","","","81,951,006.0900","97,354,234.5000","15,803,315.6400","74,560,334.6200","101,926,678.1900","121,544,939.4400"
"3523","603937.SH","建筑材料","","","","","","",NA,"","","","","","","","","","","",NA,"","","","","","","",NA,"","","","","","","","","","","","","","","","","","","","","","","","","","","","","","","","","","","","","","","","","","","","","","","","","","","","","66,015,306.1500","","","","65,616,443.0500","","27,240,517.4200","46,675,688.2000","60,876,149.2500","","27,631,184.4900","","56,516,190.7100","","40,459,080.4200","63,776,194.1300","87,914,599.6300","20,095,426.4400","42,017,126.2900","70,720,800.4600","96,001,376.7200"
